0 10101010000000000000000000000000 0
0 00000000000000000000000000000000  
0 00000000000000000000000000000000  
0 00000000000000000000000000000000  
0 00000000000000000000000000000000  
0 00110000000000000000000000000000 V1R2M0_480_2005
0 00000000000000000000000000000000  
0 00000000000000000000000000000000  
0 00000000000000000000000000000000  
0 00000000000000000000000000000000  
0 00000000000000000000000000000000  
0 00000000000000000000000000000000  
0 00000000000000000000000000000000  
0 00000000000000000000000000000000  
0 00000000000000000000000000000000  
0 00000000000000000000000000000000  
0 00110000000000000000000000000000 $
0 00000000000000000000000000000000  
0 00000000000000000000000000000000  
0 11001100000000000000000000000000 mmcs_db_server
0 00000000000000000000000000000000  
0 00000000000000000000000000000000  
0 00000000000000000000000000000000  
0 00000000000000000000000000000000  
0 10101010000000000000000000000000 FATAL
0 00000000000000000000000000000000  
0 00000000000000000000000000000000  
0 00000000000000000000000000000000  
0 00000000000000000000000000000000  
0 00000000000000000000000000000000  
0 00000000000000000000000000000000  
0 00000000000000000000000000000000  
0 00001100000000000000000000000000 120
0 11111100000000000000000000000000 MMCS
0 00000000000000000000000000000000  
0 00000000000000000000000000000000  
0 00000000000000000000000000000000  
0 00000000000000000000000000000000  
0 00000000000000000000000000000000  
0 00000000000000000000000000000000  
0 00000000000000000000000000000000  
0 00000011000000000000000000000000 3
0 00000000000000000000000000000000  
0 00000000000000000000000000000000  
0 00000000000000000000000000000000  
0 00000000000000000000000000000000  
0 11001100000000000000000000000000 all
0 00000000000000000000000000000000  
0 00000000000000000000000000000000  
0 00000000000000000000000000000000  
0 00000000000000000000000000000000  
0 00000000000000000000000000000000  
0 00000000000000000000000000000000  
2 11001100000000000000000000000000 --reconnect-bloc
0 00000000000000000000000000000000  
0 00000000000000000000000000000000  
0 00000000000000000000000000000000  
0 00000000000000000000000000000000  
0 00000000000000000000000000000000  
0 00000011000000000000000000000000 performing
0 00000000000000000000000000000000  
0 00000000000000000000000000000000  
0 00000000000000000000000000000000  
0 00000000000000000000000000000000  
0 00000000000000000000000000000000  
0 00000000000000000000000000000000  
0 10101011000000000000000000000000 on
0 00000000000000000000000000000000  
0 00000000000000000000000000000000  
0 00000000000000000000000000000000  
0 00000011000000000000000000000000 LINKCARD
0 00000011000000000000000000000000 sparing
0 00000000000000000000000000000000  
0 00000000000000000000000000000000  
0 00000000000000000000000000000000  
0 00000000000000000000000000000000  
0 10101000000000000000000000000000 2005.09.20
0 00000000000000000000000000000000  
0 00000000000000000000000000000000  
0 00000000000000000000000000000000  
0 00000000000000000000000000000000  
0 00000000000000000000000000000000  
7 00001000000000000000000000000000 2005-12-01-10.26
0 00000000000000000000000000000000  
0 00000000000000000000000000000000  
0 00000000000000000000000000000000  
0 11001100000000000000000000000000 ./mmcs_db_server
0 11001100000000000000000000000000 --iolog
0 00000000000000000000000000000000  
0 00000000000000000000000000000000  
0 00000000000000000000000000000000  
0 00000011000000000000000000000000 1118769032
0 10111000000000000000000000000000 idoproxydb
9 00001000000000000000000000000000 2005-12-01-10.50
0 00000000000000000000000000000000  
0 00000000000000000000000000000000  
0 00000000000000000000000000000000  
0 00000000000000000000000000000000  
0 10001000000000000000000000000000 ciodb
0 00000000000000000000000000000000  
13 00000010000000000000000000000000 2005-06-14-09.46
0 10101010000000000000000000000000 2005.07.09
0 00000000000000000000000000000000  
0 00000000000000000000000000000000  
0 00000000000000000000000000000000  
5 00100000000000000000000000000000 2005-12-01-10.31
0 00000000000000000000000000000000  
0 00000000000000000000000000000000  
0 00000000000000000000000000000000  
14 00000010000000000000000000000000 2005-06-14-11.37
0 00000000000000000000000000000000  
0 00110000000000000000000000000000 Input
0 00000011000000000000000000000000 R27-M1-L3-U18-C
0 10111100000000000000000000000000 2005.12.01
0 00110000000000000000000000000000 $Name
0 00000000000000000000000000000000  
0 00000000000000000000000000000000  
0 00000000000000000000000000000000  
0 00000000000000000000000000000000  
0 00000000000000000000000000000000  
0 00000000000000000000000000000000  
0 00000000000000000000000000000000  
0 11111110000000000000000000000000 NULL
0 00000000000000000000000000000000  
0 00000000000000000000000000000000  
0 11111111000000000000000000000000 RAS
0 00000000000000000000000000000000  
0 00000000000000000000000000000000  
4 11000000000000000000000000000000 2005-06-11-23.39
0 00000000000000000000000000000000  
0 00000000000000000000000000000000  
0 11101000000000000000000000000000 2005.06.11
0 00000000000000000000000000000000  
0 00000000000000000000000000000000  
0 11000000000000000000000000000000 1118558396
0 00000000000000000000000000000000  
0 00000000000000000000000000000000  
0 00000000000000000000000000000000  
0 00000000000000000000000000000000  
0 00110000000000000000000000000000 parameters
0 10101010000000000000000000000000 KERNEL
0 00000000000000000000000000000000  
0 11111100000000000000000000000000 been
0 00000000000000000000000000000000  
0 00000000000000000000000000000000  
0 00000000000000000000000000000000  
0 00000000000000000000000000000000  
0 00000000000000000000000000000000  
0 00000000000000000000000000000000  
0 00000000000000000000000000000000  
0 00000000000000000000000000000000  
0 00000000000000000000000000000000  
0 00000000000000000000000000000000  
0 00000000000000000000000000000000  
0 00000000000000000000000000000000  
0 00000000000000000000000000000000  
12 00000010000000000000000000000000 2005-06-14-09.25
3 11000000000000000000000000000000 serverdb.propert
16 00000011000000000000000000000000 2005-06-14-10.10
0 00000000000000000000000000000000  
0 00000000000000000000000000000000  
0 00000000000000000000000000000000  
0 11111100000000000000000000000000 started
0 00000000000000000000000000000000  
0 00000000000000000000000000000000  
0 00000000000000000000000000000000  
0 00000000000000000000000000000000  
0 00110000000000000000000000000000 BlueGene1
0 00000000000000000000000000000000  
0 11111100000000000000000000000000 has
0 00000000000000000000000000000000  
0 00000000000000000000000000000000  
0 10101011000000000000000000000000 2005.06.14
0 00000000000000000000000000000000  
11 00001100000000000000000000000000 2005-12-01-05.17
0 00000000000000000000000000000000  
0 00000000000000000000000000000000  
0 00000000000000000000000000000000  
0 00000000000000000000000000000000  
0 00000000000000000000000000000000  
0 00000000000000000000000000000000  
0 00000000000000000000000000000000  
0 00000000000000000000000000000000  
0 00000000000000000000000000000000  
0 00000000000000000000000000000000  
0 00000000000000000000000000000000  
0 00000000000000000000000000000000  
0 00000000000000000000000000000000  
0 00000000000000000000000000000000  
0 00000000000000000000000000000000  
0 00000000000000000000000000000000  
0 00000000000000000000000000000000  
0 00000000000000000000000000000000  
0 00111100000000000000000000000000 1133443063
0 00000000000000000000000000000000  
0 00000000000000000000000000000000  
0 00000000000000000000000000000000  
0 00000000000000000000000000000000  
15 00000011000000000000000000000000 MidplaneSwitchCo
0 00000000000000000000000000000000  
0 00110000000000000000000000000000 -enableflush
6 00110000000000000000000000000000 2005-12-01-05.17
0 00000000000000000000000000000000  
0 00000000000000000000000000000000  
0 00000000000000000000000000000000  
0 00000000000000000000000000000000  
0 00000000000000000000000000000000  
0 00000000000000000000000000000000  
0 00000000000000000000000000000000  
0 00000000000000000000000000000000  
0 00000000000000000000000000000000  
0 00000000000000000000000000000000  
1 11001100000000000000000000000000 /bgl/BlueLight/l
0 00000000000000000000000000000000  
0 00000000000000000000000000000000  
0 11001100000000000000000000000000 --useDatabase
0 00000000000000000000000000000000  
8 00001000000000000000000000000000 2005-12-01-10.31
0 00000000000000000000000000000000  
0 11001100000000000000000000000000 --dbproperties
0 00000000000000000000000000000000  
0 00000000000000000000000000000000  
0 00000000000000000000000000000000  
0 00000000000000000000000000000000  
0 00000000000000000000000000000000  
0 00000000000000000000000000000000  
0 00000000000000000000000000000000  
0 00000000000000000000000000000000  
0 00000000000000000000000000000000  
0 00000000000000000000000000000000  
0 00000011000000000000000000000000 bit
0 00000000000000000000000000000000  
0 00000000000000000000000000000000  
0 11111111000000000000000000000000 -
10 00001100000000000000000000000000 --shutdown-timeo
0 00000000000000000000000000000000  
0 00000000000000000000000000000000  
0 00111100000000000000000000000000 db.properties
0 00000000000000000000000000000000  
0 11111111000000000000000000000000 INFO
0 00000000000000000000000000000000  
0 00000000000000000000000000000000  
0 00000000000000000000000000000000  
0 00000000000000000000000000000000  
0 00000000000000000000000000000000  
0 00000000000000000000000000000000  
0 00000000000000000000000000000000  
0 00000000000000000000000000000000  
0 00000000000000000000000000000000  
0 00000000000000000000000000000000  
0 00000000000000000000000000000000  
0 00110000000000000000000000000000 -loguserinfo
0 00000000000000000000000000000000  
0 00000000000000000000000000000000  
0 11001100000000000000000000000000 BGL
0 00000000000000000000000000000000  
