842018869 774912302 842006528 0 0 2818572288 
0 0 0 0 0 0 
0 0 0 0 0 0 
0 0 0 0 0 0 
1262834254 1162608640 0 0 0 2852126720 
0 0 0 0 0 0 
0 0 0 0 0 0 
0 0 0 0 0 0 
0 0 0 0 0 0 
0 0 0 0 0 0 
0 0 0 0 0 0 
0 0 0 0 0 0 
1111968768 0 0 0 0 3422552064 
0 0 0 0 0 0 
0 0 0 0 0 0 
0 0 0 0 0 0 
842018869 758198829 808529200 892219703 11 201326592 
0 0 0 0 0 0 
0 0 0 0 0 0 
0 0 0 0 0 0 
842018869 774911534 825491456 0 0 2868903936 
0 0 0 0 0 0 
774860141 1668505444 1650422629 1920361842 0 3422552064 
0 0 0 0 0 0 
0 0 0 0 0 0 
0 0 0 0 0 0 
0 0 0 0 0 0 
0 0 0 0 0 0 
1231974517 1946157056 0 0 0 805306368 
842018869 758198829 808529201 808334129 5 536870912 
855638016 0 0 0 0 50331648 
0 0 0 0 0 0 
1380012800 0 0 0 0 4278190080 
0 0 0 0 0 0 
0 0 0 0 0 0 
0 0 0 0 0 0 
0 0 0 0 0 0 
0 0 0 0 0 0 
0 0 0 0 0 0 
1885434465 1835365477 1920139264 0 0 805306368 
0 0 0 0 0 0 
609116525 1694498816 0 0 0 805306368 
0 0 0 0 0 0 
0 0 0 0 0 0 
0 0 0 0 0 0 
0 0 0 0 0 0 
0 0 0 0 0 0 
842018869 774911790 809041920 0 0 2852126720 
842018869 758198829 808529201 808334129 8 134217728 
0 0 0 0 0 0 
0 0 0 0 0 0 
0 0 0 0 0 0 
1667854180 1644167168 0 0 0 2281701376 
0 0 0 0 0 0 
0 0 0 0 0 0 
0 0 0 0 0 0 
0 0 0 0 0 0 
0 0 0 0 0 0 
0 0 0 0 0 0 
0 0 0 0 0 0 
0 0 0 0 0 0 
1936028278 1701995618 779121263 1885696628 3 3221225472 
842018869 758134317 825306418 858665785 4 3221225472 
0 0 0 0 0 0 
0 0 0 0 0 0 
0 0 0 0 0 0 
0 0 0 0 0 0 
0 0 0 0 0 0 
0 0 0 0 0 0 
0 0 0 0 0 0 
0 0 0 0 0 0 
0 0 0 0 0 0 
0 0 0 0 0 0 
0 0 0 0 0 0 
0 0 0 0 0 0 
825307955 875836208 909312000 0 0 1006632960 
0 0 0 0 0 0 
0 0 0 0 0 0 
0 0 0 0 0 0 
0 0 0 0 0 0 
1634495488 0 0 0 0 3422552064 
0 0 0 0 0 0 
0 0 0 0 0 0 
0 0 0 0 0 0 
1768189808 1919907961 1684144128 0 0 3087007744 
603979776 0 0 0 0 805306368 
0 0 0 0 0 0 
0 0 0 0 0 0 
0 0 0 0 0 0 
0 0 0 0 0 0 
825307448 926300464 858914816 0 0 50331648 
0 0 0 0 0 0 
0 0 0 0 0 0 
0 0 0 0 0 0 
0 0 0 0 0 0 
0 0 0 0 0 0 
1650812270 0 0 0 0 4227858432 
0 0 0 0 0 0 
0 0 0 0 0 0 
0 0 0 0 0 0 
0 0 0 0 0 0 
0 0 0 0 0 0 
0 0 0 0 0 0 
0 0 0 0 0 0 
0 0 0 0 0 0 
0 0 0 0 0 0 
0 0 0 0 0 0 
0 0 0 0 0 0 
1869479936 0 0 0 0 2868903936 
0 0 0 0 0 0 
0 0 0 0 0 0 
0 0 0 0 0 0 
0 0 0 0 0 0 
0 0 0 0 0 0 
0 0 0 0 0 0 
0 0 0 0 0 0 
0 0 0 0 0 0 
1229866575 0 0 0 0 4278190080 
0 0 0 0 0 0 
0 0 0 0 0 0 
0 0 0 0 0 0 
0 0 0 0 0 0 
825372672 0 0 0 0 201326592 
0 0 0 0 0 0 
1114404197 1197829733 822083584 0 0 805306368 
0 0 0 0 0 0 
0 0 0 0 0 0 
1885696614 1869770089 1852243968 0 0 50331648 
842018869 758134317 825503024 959328821 12 33554432 
0 0 0 0 0 0 
1751216896 0 0 0 0 4227858432 
0 0 0 0 0 0 
0 0 0 0 0 0 
1937006962 1952801792 0 0 0 4227858432 
0 0 0 0 0 0 
0 0 0 0 0 0 
0 0 0 0 0 0 
0 0 0 0 0 0 
0 0 0 0 0 0 
0 0 0 0 0 0 
0 0 0 0 0 0 
0 0 0 0 0 0 
0 0 0 0 0 0 
0 0 0 0 0 0 
805306368 0 0 0 0 2852126720 
0 0 0 0 0 0 
757950831 1819240192 0 0 0 3422552064 
0 0 0 0 0 0 
757953384 1970562159 2003709300 1768777071 10 201326592 
757953907 1698980212 1633837427 1694498816 0 3422552064 
0 0 0 0 0 0 
0 0 0 0 0 0 
0 0 0 0 0 0 
0 0 0 0 0 0 
0 0 0 0 0 0 
0 0 0 0 0 0 
842018869 774911534 825294848 0 0 3892314112 
0 0 0 0 0 0 
0 0 0 0 0 0 
0 0 0 0 0 0 
0 0 0 0 0 0 
825307448 892680243 959840256 0 0 3221225472 
0 0 0 0 0 0 
0 0 0 0 0 0 
0 0 0 0 0 0 
0 0 0 0 0 0 
0 0 0 0 0 0 
0 0 0 0 0 0 
0 0 0 0 0 0 
0 0 0 0 0 0 
0 0 0 0 0 0 
0 0 0 0 0 0 
0 0 0 0 0 0 
0 0 0 0 0 0 
0 0 0 0 0 0 
762081127 1970496882 1768842863 0 0 805306368 
0 0 0 0 0 0 
1936744818 1768843008 0 0 0 50331648 
1684156016 1919905893 1920231781 1929379840 0 1006632960 
842018869 758134317 825503025 808333616 16 50331648 
0 0 0 0 0 0 
0 0 0 0 0 0 
0 0 0 0 0 0 
0 0 0 0 0 0 
0 0 0 0 0 0 
842018869 758134317 825503025 825111351 14 33554432 
0 0 0 0 0 0 
0 0 0 0 0 0 
1314212940 0 0 0 0 4261412864 
0 0 0 0 0 0 
0 0 0 0 0 0 
0 0 0 0 0 0 
842018869 758134317 825503024 959329334 13 33554432 
0 0 0 0 0 0 
0 0 0 0 0 0 
757949538 1886547824 1701999721 1702035456 0 3422552064 
0 0 0 0 0 0 
0 0 0 0 0 0 
0 0 0 0 0 0 
0 0 0 0 0 0 
0 0 0 0 0 0 
0 0 0 0 0 0 
0 0 0 0 0 0 
0 0 0 0 0 0 
757953125 1668247150 1701016621 1651273571 2 3422552064 
0 0 0 0 0 0 
0 0 0 0 0 0 
0 0 0 0 0 0 
761622113 1651271014 1819636584 0 0 805306368 
0 0 0 0 0 0 
842018869 758198829 808529200 892219703 6 805306368 
0 0 0 0 0 0 
0 0 0 0 0 0 
842018869 758198829 808529201 808334640 9 134217728 
754974720 0 0 0 0 4278190080 
0 0 0 0 0 0 
0 0 0 0 0 0 
0 0 0 0 0 0 
1298752624 1818324581 1400334708 1667777391 15 50331648 
0 0 0 0 0 0 
0 0 0 0 0 0 
0 0 0 0 0 0 
0 0 0 0 0 0 
0 0 0 0 0 0 
0 0 0 0 0 0 
842018869 774976046 808517632 0 0 3154116608 
0 0 0 0 0 0 
0 0 0 0 0 0 
0 0 0 0 0 0 
1296909139 0 0 0 0 4227858432 
0 0 0 0 0 0 
0 0 0 0 0 0 
0 0 0 0 0 0 
0 0 0 0 0 0 
1835885427 1600414303 1936028278 1701969920 0 3422552064 
0 0 0 0 0 0 
794978156 792882293 1699506535 1752444780 1 3422552064 
0 0 0 0 0 0 
0 0 0 0 0 0 
0 0 0 0 0 0 
842018869 758198829 808529201 808333878 7 134217728 
0 0 0 0 0 0 
0 0 0 0 0 0 
0 0 0 0 0 0 
1178686529 1275068416 0 0 0 2852126720 
0 0 0 0 0 0 
0 0 0 0 0 0 
0 0 0 0 0 0 
1279872587 1128354372 0 0 0 50331648 
1446072882 1295015732 942694194 808465664 0 805306368 
0 0 0 0 0 0 
1651078144 0 0 0 0 50331648 
0 0 0 0 0 0 
0 0 0 0 0 0 
1379022637 1295068492 858608945 942490368 0 50331648 
0 0 0 0 0 0 
